1 1.2329961061477661
2 0.9320195317268372
3 1.1752777099609375
4 1.1640928983688354
5 0.867803156375885
6 0.9496174454689026
7 1.0707827806472778
8 0.9363473057746887
9 0.8552044630050659
10 0.9866907000541687
11 1.105575442314148
12 1.125541090965271
13 1.1516042947769165
14 1.3172123432159424
15 1.234531283378601
16 1.1674467325210571
17 1.1495124101638794
18 1.357806921005249
19 1.2639966011047363
20 1.3315837383270264
21 1.0334221124649048
22 1.0527805089950562
23 1.4066612720489502
24 1.1231857538223267
25 0.9677030444145203
26 1.4511241912841797
27 1.7460500001907349
28 1.7068926095962524
29 1.0903191566467285
30 1.521321177482605
31 1.9116917848587036
32 2.2172622680664063
33 2.5261762142181396
34 2.750542163848877
35 2.7906641960144043
36 2.7360541820526123
37 2.1478075981140137
38 2.0706772804260254
39 1.9301917552947998
40 1.8364839553833008
41 1.362916111946106
42 1.3764828443527222
43 1.6567156314849854
44 1.3070778846740723
45 0.9783041477203369
46 1.3871207237243652
47 1.2341227531433105
48 0.9196130037307739
49 1.127629280090332
50 1.271530270576477
51 1.1253583431243896
52 1.2175397872924805
53 1.395093321800232
54 1.1941872835159302
55 1.293653964996338
56 1.4631330966949463
57 1.628686547279358
58 1.5818814039230347
59 1.6774673461914063
60 1.3553029298782349
61 1.3322464227676392
62 1.410286784172058
63 1.2035932540893555
64 1.7196649312973022
65 1.5438681840896606
66 1.4659171104431152
67 1.3245948553085327
68 1.1692137718200684
69 0.9867662191390991
70 1.0141955614089966
71 1.088546872138977
72 1.5976231098175049
73 1.4259551763534546
74 1.3687465190887451
75 1.3739728927612305
76 0.8646642565727234
77 1.0297355651855469
78 1.2185029983520508
79 1.5523778200149536
80 1.8170242309570313
81 2.321897268295288
82 2.9563891887664795
83 2.689103603363037
84 2.6180686950683594
85 2.499751567840576
86 1.8529499769210815
87 1.583543300628662
88 1.5587528944015503
89 1.634589433670044
90 1.152950406074524
91 1.073218584060669
92 1.1865030527114868
93 0.9780035614967346
94 0.8647866249084473
95 1.0124974250793457
96 1.1338410377502441
97 1.0476269721984863
98 1.3478862047195435
99 1.5185035467147827
100 1.493510365486145
101 1.6993985176086426
102 1.772767424583435
103 1.6894134283065796
104 1.8343260288238525
105 1.5715723037719727
106 1.661544680595398
107 1.8951512575149536
108 1.8636705875396729
109 1.554673671722412
110 1.5812950134277344
111 1.8216848373413086
112 1.6520273685455322
113 1.6911301612854004
114 2.6651947498321533
115 2.8293535709381104
116 2.097259759902954
117 2.1955044269561768
118 4.008997917175293
119 4.82291316986084
